spawns:
  default:
    world: 5fc47ab8-584d-4588-a59b-dcc3d7d0f99c
    world-name: spawn
    x: 212.28314862695595
    y: -15.0
    z: 82.25062608774533
    yaw: -89.39775085449219
    pitch: 8.099801063537598
